75.430273521
69.566485512
110.512449751
80.25524759299999
63.80803703
59.917447318
72.244816317
63.474441039
38.563258894
42.792255258
38.977335788999994
39.101684916
43.78343533699999
39.108557843999996
39.626630665
38.556154323
40.826598992
39.402826514
52.502685895999996
58.389733934
38.934944447
38.772560481999996
38.663629631
40.616287876
39.074382623000005
39.281629616000004
39.527038682
45.365838094999994
57.071454436
37.680859510999994
44.440149109
38.274543117
40.536364473
38.786052011
39.254296477
40.037572597
39.265467231
44.057724993
39.070739512
38.854788493
42.110182533
42.89941305
39.670196622
38.826654661
38.626987287999995
38.972673335
40.281367026
54.916568171
53.463396057
60.797467702999995
