30163.543476043018
30949.78665060476
29420.84935114648
30768.665012942423
29496.450870674926
29824.09370984302
29874.209692821096
30030.527470654102
30187.970328160183
29795.632101544787
30827.11391706286
29733.200895918195
30030.494159049722
29531.246177016958
29739.455782860798
30160.77923166716
30898.259074763555
30098.78664128437
29659.862323267756
29507.112350776482
31188.715198793983
30519.932379941652
28854.606973559672
30132.88443632628
28489.140295153637
28543.332512216493
29548.805595170652
30370.987383963533
29340.560641821972
29539.032532368536
30619.990698490707
30840.750338862937
30102.416104738546
30156.80400884809
31023.62140300963
30437.52500319538
29382.832419212886
30003.628398515975
30064.475394380093
31225.866070073185
30449.932415200983
29331.696164819172
30358.092349540926
30221.990953733275
30922.486282192374
30044.581086380815
29216.461241459732
30394.766681639874
29984.54553098131
29826.40619942106
