34194.68372980124
33431.9676077416
34786.69815367768
33783.26168011337
33313.06410389703
34164.40181494389
34453.4317401747
34896.45537967534
33124.82568138141
33394.77638500375
33284.563414137214
34541.765140858355
33653.7735900642
35021.0858051746
33362.704966055375
34877.227560316096
33197.02813233481
34733.19390111885
32944.200502742315
33426.3220139514
33961.34242257984
33964.01742008202
34128.56011742351
34764.252891364726
36091.27899580692
34456.38920827304
33644.05973755443
33264.930735894995
35694.0788685195
33284.32005007158
32654.599933465885
33590.25481753937
34951.05857406727
33297.44906958739
34079.53166202095
35326.67740015148
33818.138211756595
34036.06109404577
34658.80430954343
34229.36856551649
33876.88868066849
33321.05369740455
33234.544113221345
33847.58159994721
33874.643029905565
33099.851185492764
35715.03202500672
33886.16136900272
34028.22127799258
33278.135542643075
