31077.467303778263
31012.98573421236
31542.72452659442
30909.99714886679
31285.79746194061
31888.62746301445
31109.07795860244
30254.503570047134
31629.506466421662
31463.399134295778
31120.790547675017
31285.303726680642
30945.891390979585
31598.775889107408
30755.042407671175
30797.567992927045
31995.54829451096
31384.352957376348
31662.714242836817
31967.33669072789
31648.90607469655
31196.254163757356
30954.861866178304
31089.8085882273
31571.71216218461
31479.659634387357
30655.839516819466
31620.317061113583
31215.36083426841
31929.18671246766
31252.243495090443
31187.07472678203
31185.671345589126
31493.369528496987
32220.897825187585
30989.87689624139
31167.7767080113
31704.09610800141
31467.2601978059
31598.966801258455
31046.808382588122
31474.19571190715
31513.16701994126
30963.35064193664
30865.36656324189
32068.500645703793
31051.775544037373
31138.422729374186
32101.737893017886
31680.67476232697
