68.264213931
103.756445855
77.024009327
80.013437244
66.764871529
66.02418550899999
65.214235318
72.591842372
47.252777524
45.620155743000005
41.3020911
42.751176294
42.552084586
43.295485532
43.009826225000005
44.379079845
42.905693534
56.014993486
50.700587591
42.000668926
42.142702548
42.788445826
45.885694413
43.038300590999995
43.09513786
43.310758922
47.352510512
50.471787892
42.758540171
44.364144786
43.017392883
42.859604354
43.460816079999994
46.526634296
43.213584376
42.248035290000004
43.077233786
41.892931233
43.176754299
50.323515277999995
42.412856207000004
43.304248535
44.404204097
43.267950818
47.749539723999995
42.763760962
82.081866941
87.215238056
58.525173471
50.779978303
